%YAML:1.0
---
cam_K: !!opencv-matrix
   rows: 3
   cols: 3
   dt: d
   data: [ 1.1673682995446777e+03, 0., 1.2904084562011358e+03, 0.,
       3.2034630591466816e+03, 6.2110360209902740e+02, 0., 0., 1. ]
cam_kc: !!opencv-matrix
   rows: 1
   cols: 5
   dt: d
   data: [ 3.2253341610345182e-02, -1.5429981427674883e-01,
       -1.3183843070855156e-03, 5.7513661140506732e-02, 0. ]
proj_K: !!opencv-matrix
   rows: 3
   cols: 3
   dt: d
   data: [ 1.4882153381973919e+03, 0., 4.5205956726473181e+02, 0.,
       1.9328558112199798e+03, 2.3219790968517299e+02, 0., 0., 1. ]
proj_kc: !!opencv-matrix
   rows: 1
   cols: 5
   dt: d
   data: [ -1.3224189208970305e-01, 1.6672878139579363e+00,
       3.6543013383189178e-04, -1.6485331229655086e-02, 0. ]
R: !!opencv-matrix
   rows: 3
   cols: 3
   dt: d
   data: [ 9.8195602715767416e-01, 1.6819995290097697e-02,
       1.8835989086628313e-01, 1.5454740955221499e-02,
       9.8556735017450181e-01, -1.6857683486178618e-01,
       -1.8847682008863581e-01, 1.6844609235138705e-01,
       9.6752385100359362e-01 ]
T: !!opencv-matrix
   rows: 3
   cols: 1
   dt: d
   data: [ -2.4298615368887283e+02, 2.7168233561474489e+02,
       -4.7112772591799614e+02 ]
cam_error: 2.6373214996684624e-01
proj_error: 1.0002536329388443e+00
stereo_error: 7.8489056596574713e-01
