%YAML:1.0
---
cam_K: !!opencv-matrix
   rows: 3
   cols: 3
   dt: d
   data: [ 1.0280988315519392e+03, 0., 9.4996687113999212e+02, 0.,
       1.0301354831597987e+03, 4.9760666832675327e+02, 0., 0., 1. ]
cam_kc: !!opencv-matrix
   rows: 1
   cols: 5
   dt: d
   data: [ 7.3985543763625998e-03, -3.7060095469452707e-02,
       -6.4032122022312345e-03, -4.2613773603602479e-03, 0. ]
proj_K: !!opencv-matrix
   rows: 3
   cols: 3
   dt: d
   data: [ 2.8475720986495444e+03, 0., 9.9512448134790691e+02, 0.,
       1.8651099847876123e+03, -5.0024697781085831e+02, 0., 0., 1. ]
proj_kc: !!opencv-matrix
   rows: 1
   cols: 5
   dt: d
   data: [ 1.7571945358992364e-01, -2.3025808479897683e-01,
       -2.0904652633852920e-03, -4.9433139536564806e-03, 0. ]
R: !!opencv-matrix
   rows: 3
   cols: 3
   dt: d
   data: [ 9.9956366286851184e-01, 9.9819580565073326e-03,
       -2.7800078889134900e-02, -3.8757590639435916e-03,
       9.7735380685215822e-01, 2.1157626219231779e-01,
       2.9282458308042627e-02, -2.1137619720524892e-01,
       9.7696603876004073e-01 ]
T: !!opencv-matrix
   rows: 3
   cols: 1
   dt: d
   data: [ -2.4128041969258294e+02, 7.0146513594254998e+01,
       4.1577066166159319e+01 ]
cam_error: 4.4146491597059234e-01
proj_error: 5.0945460600938333e+00
stereo_error: 3.8372439338061795e+00
