%YAML:1.0
---
cam_K: !!opencv-matrix
   rows: 3
   cols: 3
   dt: d
   data: [ 1.1821188669622829e+03, 0., 1.2027424685103090e+03, 0.,
       1.8047843355126638e+03, 4.6049869314049897e+02, 0., 0., 1. ]
cam_kc: !!opencv-matrix
   rows: 1
   cols: 5
   dt: d
   data: [ 4.5762954010674815e-03, 2.3891560007738091e-02,
       5.0299194511964837e-03, 7.1109989571628424e-02, 0. ]
proj_K: !!opencv-matrix
   rows: 3
   cols: 3
   dt: d
   data: [ 1.2275147153218934e+03, 0., 5.5633241971665200e+02, 0.,
       3.1313208937294016e+03, 3.3137002876959355e+02, 0., 0., 1. ]
proj_kc: !!opencv-matrix
   rows: 1
   cols: 5
   dt: d
   data: [ -1.1187343166685008e-02, 3.5063055401867396e-02,
       4.5702724968659479e-03, 4.0084496129641087e-02, 0. ]
R: !!opencv-matrix
   rows: 3
   cols: 3
   dt: d
   data: [ 9.9791576968459694e-01, 3.9405215261521572e-03,
       6.4409540480431932e-02, -1.5494975412597991e-03,
       9.9930923944846106e-01, -3.7130082282535927e-02,
       -6.4511360799227424e-02, 3.6952892214821155e-02,
       9.9723255466555627e-01 ]
T: !!opencv-matrix
   rows: 3
   cols: 1
   dt: d
   data: [ -1.5495774671027570e+02, -3.6588000372522856e+02,
       -4.1253104745907723e+02 ]
cam_error: 2.8697971095252872e-01
proj_error: 1.0266695266182577e+00
stereo_error: 7.6517480792761294e-01
