%YAML:1.0
---
cam_K: !!opencv-matrix
   rows: 3
   cols: 3
   dt: d
   data: [ 1.1562046682117834e+03, 0., 1.1661668095556970e+03, 0.,
       1.7138147153453208e+03, 5.1214707080137623e+02, 0., 0., 1. ]
cam_kc: !!opencv-matrix
   rows: 1
   cols: 5
   dt: d
   data: [ 3.4658752827813603e-02, -2.0589709190561872e-01,
       2.0646088092815002e-03, 6.0194384182651745e-02, 0. ]
proj_K: !!opencv-matrix
   rows: 3
   cols: 3
   dt: d
   data: [ 1.2700702693226594e+03, 0., 6.2090533346391987e+02, 0.,
       1.1463430280476123e+03, 5.0408283528862967e+02, 0., 0., 1. ]
proj_kc: !!opencv-matrix
   rows: 1
   cols: 5
   dt: d
   data: [ 6.0105700469936733e-02, -8.9576308420671824e-02,
       3.8345955763432042e-03, 5.6975534254219029e-02, 0. ]
R: !!opencv-matrix
   rows: 3
   cols: 3
   dt: d
   data: [ 9.9907724107305707e-01, -4.2411229940448714e-02,
       -6.7789338975259329e-03, 3.6445428775348468e-02,
       9.2066305346789756e-01, -3.8865315218141261e-01,
       2.2724372185599348e-02, 3.8804745786321759e-01,
       9.2135919887667306e-01 ]
T: !!opencv-matrix
   rows: 3
   cols: 1
   dt: d
   data: [ -7.1488627998432861e+01, 2.9794656757212522e+02,
       -7.4392328711098344e+02 ]
cam_error: 2.4345064077032977e-01
proj_error: 8.0577391932155151e-01
stereo_error: 5.9763293277502927e-01
