%YAML:1.0
---
cam_K: !!opencv-matrix
   rows: 3
   cols: 3
   dt: d
   data: [ 1.0365500080341844e+03, 0., 9.4843919562252597e+02, 0.,
       1.0360228329256131e+03, 4.9899105689423982e+02, 0., 0., 1. ]
cam_kc: !!opencv-matrix
   rows: 1
   cols: 5
   dt: d
   data: [ 2.9063601324740500e-02, -5.9613958279206444e-02,
       -7.6176944036761328e-03, -7.9282004726122964e-03, 0. ]
proj_K: !!opencv-matrix
   rows: 3
   cols: 3
   dt: d
   data: [ 2.8011029527199989e+03, 0., 1.0078516301652916e+03, 0.,
       1.8548876641028048e+03, -5.1695484346235037e+02, 0., 0., 1. ]
proj_kc: !!opencv-matrix
   rows: 1
   cols: 5
   dt: d
   data: [ 1.5095102938751501e-01, -1.8914622982769916e-01,
       -3.2672992192887976e-03, 1.5225732914649214e-03, 0. ]
R: !!opencv-matrix
   rows: 3
   cols: 3
   dt: d
   data: [ 9.9923143664412528e-01, 9.4110397319458229e-03,
       -3.8052179349956791e-02, -7.5716996490143244e-04,
       9.7520456823340951e-01, 2.2130403699511103e-01,
       3.9191360218315874e-02, -2.2110513885446659e-01,
       9.7446218749440716e-01 ]
T: !!opencv-matrix
   rows: 3
   cols: 1
   dt: d
   data: [ -2.3551005579783472e+02, 6.0965221318356143e+01,
       7.0053096664686256e+00 ]
cam_error: 4.4965790913197484e-01
proj_error: 4.7052860430562289e+00
stereo_error: 3.4138226872812147e+00
