%YAML:1.0
---
cam_K: !!opencv-matrix
   rows: 3
   cols: 3
   dt: d
   data: [ 1.0205661156541023e+03, 0., 9.4329971920333617e+02, 0.,
       1.0321445678479233e+03, 6.2610663465858795e+02, 0., 0., 1. ]
cam_kc: !!opencv-matrix
   rows: 1
   cols: 5
   dt: d
   data: [ -6.1150863890728047e-02, 1.0704358446782915e-01,
       1.3899815578135027e-02, -7.7527550696579592e-03, 0. ]
proj_K: !!opencv-matrix
   rows: 3
   cols: 3
   dt: d
   data: [ 1.1258794046035782e+03, 0., 3.8096517164797973e+02, 0.,
       1.1381603643962890e+03, 6.8107338118729547e+02, 0., 0., 1. ]
proj_kc: !!opencv-matrix
   rows: 1
   cols: 5
   dt: d
   data: [ -6.2709796880024024e-02, 9.5145777789322108e-02,
       1.5553975912116661e-02, -2.7648117348704755e-03, 0. ]
R: !!opencv-matrix
   rows: 3
   cols: 3
   dt: d
   data: [ 9.9991225815245299e-01, 7.3120914184622203e-03,
       1.1045782704287502e-02, -7.5850686156583918e-03,
       9.9966174566760735e-01, 2.4876916667621592e-02,
       -1.0860144131549997e-02, -2.4958516940717570e-02,
       9.9962949621425334e-01 ]
T: !!opencv-matrix
   rows: 3
   cols: 1
   dt: d
   data: [ 1.1358836618652168e+02, -6.9728315888578024e+01,
       3.1758752257687380e+01 ]
cam_error: 3.8791014729548445e-01
proj_error: 4.4642208708459263e-01
stereo_error: 4.4401516674640729e-01
